1;Alumno01;9;23;4
2;Alumno02;9;18;13
3;Alumno03;14;1;6
4;Alumno04;19;22;16
5;Alumno05;14;3;22
6;Alumno06;4;13;17
7;Alumno07;17;3;19
8;Alumno08;18;22;8
9;Alumno09;4;22;16
10;Alumno10;23;11;21
11;Alumno11;9;10;6
12;Alumno12;2;6;7
13;Alumno13;18;17;4
14;Alumno14;18;3;22
15;Alumno15;3;22;17
16;Alumno16;22;12;5
17;Alumno17;7;10;18
18;Alumno18;17;25;12
19;Alumno19;15;25;9
20;Alumno20;22;7;17
21;Alumno21;15;22;1
22;Alumno22;5;9;11
23;Alumno23;23;4;21
24;Alumno24;5;4;8
25;Alumno25;9;3;10
26;Alumno26;13;18;19
27;Alumno27;4;3;14
28;Alumno28;22;12;19
29;Alumno29;22;6;11
30;Alumno30;17;16;8
31;Alumno31;4;2;15
32;Alumno32;6;16;25
33;Alumno33;1;24;5
34;Alumno34;22;15;23
35;Alumno35;22;9;4
36;Alumno36;18;24;25
37;Alumno37;17;25;11
38;Alumno38;13;11;23
39;Alumno39;11;13;16
40;Alumno40;7;5;4
41;Alumno41;23;16;15
42;Alumno42;13;5;21
43;Alumno43;18;2;16
44;Alumno44;18;8;25
45;Alumno45;19;18;3
46;Alumno46;2;14;17
47;Alumno47;25;13;22
48;Alumno48;21;20;25
49;Alumno49;7;4;19
50;Alumno50;1;3;14
51;Alumno51;5;16;15
52;Alumno52;16;22;4
53;Alumno53;20;18;7
54;Alumno54;10;2;15
55;Alumno55;10;5;25
56;Alumno56;20;8;7
57;Alumno57;23;1;16
58;Alumno58;18;10;8
59;Alumno59;18;8;15
60;Alumno60;17;4;15
61;Alumno61;6;21;2
62;Alumno62;11;5;22
63;Alumno63;10;12;18
64;Alumno64;21;9;12
65;Alumno65;2;5;25
66;Alumno66;22;21;1
67;Alumno67;12;7;18
68;Alumno68;11;23;18
69;Alumno69;6;16;21
70;Alumno70;9;14;22
71;Alumno71;7;14;9
72;Alumno72;18;6;12
73;Alumno73;3;21;17
74;Alumno74;9;7;1
75;Alumno75;8;19;4
76;Alumno76;21;15;11
77;Alumno77;25;12;3
78;Alumno78;9;22;2
79;Alumno79;24;15;19
80;Alumno80;6;4;18
81;Alumno81;8;21;11
82;Alumno82;10;15;9
83;Alumno83;20;5;12
84;Alumno84;17;15;13
85;Alumno85;21;19;13
86;Alumno86;18;22;9
87;Alumno87;19;23;4
88;Alumno88;24;1;12
89;Alumno89;10;16;6
90;Alumno90;5;14;9
91;Alumno91;17;2;13
92;Alumno92;8;21;20
93;Alumno93;6;14;9
94;Alumno94;19;21;22
95;Alumno95;12;14;13
96;Alumno96;23;12;5
97;Alumno97;14;24;6
98;Alumno98;16;14;5
99;Alumno99;21;9;20
100;Alumno100;9;3;16
101;Alumno101;6;22;14
102;Alumno102;11;14;15
103;Alumno103;25;23;3
104;Alumno104;6;24;15
105;Alumno105;22;24;21
106;Alumno106;5;22;9
107;Alumno107;2;9;17
108;Alumno108;21;17;6
109;Alumno109;8;19;6
110;Alumno110;17;5;7
111;Alumno111;21;1;20
112;Alumno112;9;5;18
113;Alumno113;14;25;16
114;Alumno114;6;20;16
115;Alumno115;15;21;5
116;Alumno116;19;25;18
117;Alumno117;24;13;19
118;Alumno118;5;15;11
119;Alumno119;22;19;8
120;Alumno120;14;8;1
121;Alumno121;17;25;13
122;Alumno122;5;12;8
123;Alumno123;8;4;12
124;Alumno124;6;15;17
125;Alumno125;3;24;25
126;Alumno126;21;1;3
127;Alumno127;3;10;6
128;Alumno128;21;6;18
129;Alumno129;7;5;22
130;Alumno130;9;2;14
131;Alumno131;11;14;12
132;Alumno132;5;24;3
133;Alumno133;21;4;2
134;Alumno134;2;23;1
135;Alumno135;17;25;6
136;Alumno136;13;2;1
137;Alumno137;4;18;5
138;Alumno138;20;12;6
139;Alumno139;11;15;1
140;Alumno140;20;21;18
141;Alumno141;21;22;13
142;Alumno142;14;12;16
143;Alumno143;5;16;12
144;Alumno144;8;20;11
145;Alumno145;17;24;3
146;Alumno146;2;16;3
147;Alumno147;17;8;2
148;Alumno148;23;8;2
149;Alumno149;1;4;5
150;Alumno150;13;5;21
151;Alumno151;12;11;19
152;Alumno152;5;14;2
153;Alumno153;17;15;18
154;Alumno154;7;15;22
155;Alumno155;2;25;17
156;Alumno156;18;1;22
157;Alumno157;7;23;10
158;Alumno158;4;10;8
159;Alumno159;11;12;6
160;Alumno160;10;11;15
161;Alumno161;16;22;3
162;Alumno162;18;20;21
163;Alumno163;21;6;17
164;Alumno164;22;2;5
165;Alumno165;18;21;7
166;Alumno166;11;6;1
167;Alumno167;3;11;4
168;Alumno168;5;11;24
169;Alumno169;18;5;16
170;Alumno170;12;17;13
171;Alumno171;3;18;7
172;Alumno172;4;17;10
173;Alumno173;11;2;3
174;Alumno174;10;13;23
175;Alumno175;16;1;3
176;Alumno176;13;14;9
177;Alumno177;7;5;23
178;Alumno178;13;3;15
179;Alumno179;9;7;5
180;Alumno180;24;21;17
181;Alumno181;22;14;5
182;Alumno182;13;25;2
183;Alumno183;24;9;21
184;Alumno184;18;2;11
185;Alumno185;9;15;25
186;Alumno186;17;5;2
187;Alumno187;7;16;6
188;Alumno188;20;2;12
189;Alumno189;22;12;25
190;Alumno190;20;9;17
191;Alumno191;22;5;20
192;Alumno192;13;16;1
193;Alumno193;14;1;23
194;Alumno194;10;4;21
195;Alumno195;12;24;3
196;Alumno196;7;15;21
197;Alumno197;12;15;2
198;Alumno198;2;19;15
199;Alumno199;11;8;9
200;Alumno200;23;18;22
201;Alumno201;15;20;6
202;Alumno202;25;2;8
203;Alumno203;19;9;20
204;Alumno204;8;7;5
205;Alumno205;14;25;17
206;Alumno206;25;16;4
207;Alumno207;18;5;12
208;Alumno208;25;10;6
209;Alumno209;10;18;1
210;Alumno210;16;11;9
211;Alumno211;23;6;10
212;Alumno212;3;6;4
213;Alumno213;7;20;16
214;Alumno214;10;5;22
215;Alumno215;20;13;2
216;Alumno216;14;25;20
217;Alumno217;25;2;14
218;Alumno218;6;10;2
219;Alumno219;24;8;16
220;Alumno220;7;14;24
221;Alumno221;12;18;5
222;Alumno222;12;4;21
223;Alumno223;3;24;4
224;Alumno224;9;5;8
225;Alumno225;15;9;5
226;Alumno226;1;20;5
227;Alumno227;9;15;23
228;Alumno228;14;21;2
229;Alumno229;13;4;22
230;Alumno230;14;19;8
231;Alumno231;11;6;14
232;Alumno232;4;24;19
233;Alumno233;15;25;20
234;Alumno234;10;18;12
235;Alumno235;11;7;6
236;Alumno236;22;19;17
237;Alumno237;12;9;13
238;Alumno238;17;3;22
239;Alumno239;19;11;9
240;Alumno240;7;20;23
241;Alumno241;8;18;6
242;Alumno242;17;25;19
243;Alumno243;9;2;24
244;Alumno244;21;4;22
245;Alumno245;7;15;14
246;Alumno246;23;25;22
247;Alumno247;20;5;21
248;Alumno248;1;20;5
249;Alumno249;19;15;3
250;Alumno250;18;3;20
251;Alumno251;21;2;1
252;Alumno252;10;4;3
253;Alumno253;9;12;16
254;Alumno254;19;13;4
255;Alumno255;20;25;14
256;Alumno256;14;13;2
257;Alumno257;18;2;3
258;Alumno258;4;21;19
259;Alumno259;11;1;16
260;Alumno260;3;11;2
261;Alumno261;20;11;23
262;Alumno262;4;14;18
263;Alumno263;22;11;20
264;Alumno264;1;2;23
265;Alumno265;14;16;25
266;Alumno266;7;8;5
267;Alumno267;23;19;25
268;Alumno268;6;22;10
269;Alumno269;23;14;15
270;Alumno270;24;4;14
271;Alumno271;8;15;3
272;Alumno272;9;20;21
273;Alumno273;14;2;12
274;Alumno274;18;25;9
275;Alumno275;21;4;2
276;Alumno276;13;18;11
277;Alumno277;17;18;20
278;Alumno278;6;23;5
279;Alumno279;20;23;1
280;Alumno280;14;13;5
281;Alumno281;2;5;1
282;Alumno282;25;16;23
283;Alumno283;1;7;10
284;Alumno284;4;11;14
285;Alumno285;21;2;24
286;Alumno286;23;10;1
287;Alumno287;21;17;6
288;Alumno288;6;14;5
289;Alumno289;8;21;14
290;Alumno290;3;25;6
291;Alumno291;16;4;12
292;Alumno292;10;16;18
293;Alumno293;1;18;19
294;Alumno294;21;4;6
295;Alumno295;7;22;23
296;Alumno296;1;8;9
297;Alumno297;2;3;23
298;Alumno298;9;23;24
299;Alumno299;6;17;25
300;Alumno300;8;14;15
